instance61_nreq2000_nveh40_gamma1829
1501 707 1621 876 2876 903 3621 1394 2707 426 3394 3501 381 2426 1534 1588 2381 2903 1653 3653 1377 3588 252 3377 25 3534 1117 3117 319 2252 1784 1142 3142 106 2025 1250 3250 844 2844 286 2319 613 2106 2286 1951 1942 3942 713 3784 2613 1720 3951 1380 720 2720 418 3720 2418 1629 3629 94 2713 1605 1276 3605 1030 3380 915 2915 1339 3339 1449 3449 107 2094 1960 3276 3030 1016 3016 312 2312 394 2394 564 3960 1074 2564 961 2961 13 2107 442 2442 3074 2013
1185 413 551 3185 662 188 2413 1136 2188 2662 1723 254 2254 398 3723 1837 3136 1615 3615 825 2551 56 3837 131 2131 2056 1027 1113 3027 2825 750 3113 1226 3226 1822 3822 276 2750 1814 2398 1694 3814 31 960 3694 49 2049 1735 2276 1798 2960 23 3735 1949 2023 1630 3798 1657 3949 2031 199 3657 1773 3773 1747 2199 712 2712 1034 3747 1722 3722 1970 3034 97 3970 164 2097 1389 3389 677 2164 1767 3630 1457 3457 1643 3643 403 2677 806 2403 1115 894 3767 2894 3115 2806
267 477 1052 1295 2477 3295 1044 2267 783 683 3044 1466 2683 1872 3872 1846 3846 1565 2783 497 2497 1897 3565 994 3466 1504 3052 1365 3504 2994 1902 1076 3897 1108 3902 393 3108 390 2393 3076 1995 1189 2390 1028 3028 3189 1145 3995 1828 3365 1999 3999 274 3828 1677 3145 291 2291 1907 3677 161 2274 1547 3907 1631 3631 3547 885 1407 3407 1900 2885 1307 3900 695 2161 853 2853 1020 3307 1829 3829 1139 3139 1576 210 2210 1608 3020 1512 3608 261 2695 2261 3576 3512
946 1291 942 2942 262 3291 272 359 2272 1531 2262 1317 3317 2946 1559 1607 3607 3559 1700 3700 1206 3206 1851 641 3851 1436 3531 1993 2359 3436 609 1183 3183 1684 2641 584 3684 1655 3993 1585 3585 1806 3655 1010 3010 966 2966 1448 2584 1790 2609 3790 1343 349 3343 977 2349 1086 3448 1550 2977 3086 249 200 2200 930 2930 206 3806 3550 1882 2206 1761 981 3761 2249 649 2649 940 3882 295 2981 819 2940 91 2295 1026 3026 18 2091 1208 1774 2819 3774 3208 2018
1202 1132 1306 99 2099 3132 1280 1369 3280 562 3369 2562 766 3202 1271 3271 1998 2766 356 3998 1533 3306 1233 3533 1964 1308 3233 2356 162 3964 1787 1221 2162 1378 3378 1869 3308 383 3221 1248 2383 375 3869 3787 1539 998 3248 3539 463 1400 2998 2375 316 2316 1397 212 2463 831 3400 137 2137 1042 2212 1832 3397 2831 1612 3832 1711 3042 1674 3612 346 3674 748 3711 302 2748 1517 2346 1543 2302 1278 3543 469 2469 1646 1360 3646 3360 1577 3517 681 1408 3408 3577 3278 2681
1257 1246 989 1141 3257 2989 1982 1671 3671 1866 3866 887 3982 1508 2887 512 3246 1160 3508 537 3141 3160 384 2384 975 2537 175 473 2473 184 2512 634 2634 1135 2175 1187 2975 566 2566 1556 3187 3556 1445 2184 604 3135 2604 1109 646 2646 1441 3445 3441 1769 1696 1468 3109 670 3769 1467 2670 1227 3468 3696 1210 3467 70 2070 1768 3210 3768 396 28 3227 889 2889 1384 2396 2028 867 2867 1166 3384 1222 62 3222 1873 3873 2062 1647 3166 997 847 3647 2847 2997
1005 1749 1229 3749 1404 912 3404 3005 1985 2912 536 3985 1820 1066 2536 15 3820 78 2078 190 2190 717 2717 2015 1678 544 2544 658 3678 1161 3161 186 2186 323 3229 874 3066 2874 680 2658 132 2680 883 2132 1105 3105 1137 487 2883 198 2487 256 3137 289 2323 2198 222 504 2256 964 2504 1579 2964 667 2222 970 3579 2667 1748 322 2289 1237 3748 3237 1372 1810 3810 2970 1260 3372 509 1811 3811 3260 296 2322 834 2509 1140 2834 643 2296 87 144 2144 3140 2643 2087
840 434 1930 2434 2840 197 5 2197 235 2005 484 3930 1134 3134 1228 2484 830 1029 3228 1119 3119 1857 3029 2830 1751 1745 2235 836 3857 1919 3751 1188 3919 3745 978 1318 2978 1757 2836 1581 3188 520 3318 459 2459 1724 3757 1709 3709 3724 1203 2520 225 2225 1965 3965 1073 281 3073 2281 1980 1290 3290 3203 1750 3750 716 2716 1483 1491 3491 3483 450 2450 1302 3302 718 2718 351 451 3581 585 3980 2351 32 1698 2032 666 2666 795 2795 1056 3056 1219 2585 3219 2451 3698
1348 11 1047 3047 1737 75 3737 2075 881 3348 153 2153 2011 987 988 2987 315 2988 1364 2315 301 1333 3364 52 2052 1515 3333 2881 896 2301 428 2428 782 2782 1623 3623 1065 3065 692 2692 1375 3515 661 1171 2896 1754 2661 921 3754 3375 1513 3171 1224 2921 734 3513 1815 45 2734 2045 1014 1179 3179 679 3815 689 3014 3224 1701 1660 2679 2689 548 3701 816 3660 1554 2548 1182 2816 1804 3554 629 3804 139 2629 1906 2139 957 744 3182 1617 2744 1405 3906 3617 3405 2957
729 29 1759 2029 430 3759 733 344 2733 2729 1912 2344 645 3912 541 2430 26 2541 230 2026 621 569 2621 2230 385 2385 77 2645 927 1124 2569 1261 3261 1692 2927 419 3124 2077 441 2441 1589 2419 279 1552 3552 845 2845 1273 3273 1200 3589 1921 3921 1235 3692 2279 1439 3200 3235 84 659 1968 2659 1021 3439 3021 1962 303 2084 343 2303 954 2954 898 3962 194 2194 3968 1379 1123 2343 3123 335 3379 878 2335 423 2423 1002 2878 1924 3924 278 3002 2898 2278
1816 1834 460 2460 582 2582 1093 102 2102 3816 1626 758 3834 1259 3093 1245 3245 3626 373 1742 2758 320 2373 1604 2320 568 2568 1061 3742 3604 412 1661 2412 1493 3061 3259 355 1353 3493 3353 1165 1590 3165 237 2355 486 3590 227 3661 1675 2237 357 2227 1637 2486 36 2357 1956 3675 1595 3956 2036 793 288 3637 2288 1957 2793 1231 3595 1320 3957 290 2290 1053 3320 740 3231 1484 3484 842 2842 1884 3884 1775 3775 1914 3914 523 2523 1849 2740 774 3053 3849 2774
1918 1440 192 3440 1144 3144 721 2192 1328 3328 1128 3128 67 2067 1079 2721 580 3079 42 3918 1150 2042 1282 802 2802 3150 1345 165 3345 843 3282 665 2580 146 2146 410 2165 2665 1819 2843 299 3819 630 2410 1844 2630 1223 722 2299 958 3844 2722 1004 2958 1125 3125 294 725 3223 549 2294 2725 851 338 2338 2851 929 2929 1289 1315 3289 3315 1088 3088 973 2973 1776 877 3776 2877 1984 3984 1651 2549 361 2361 1567 3651 431 2431 1537 3537 508 1680 2508 3004 3680 3567
216 691 1330 3330 116 2116 746 880 2746 2880 306 2306 1817 277 2691 275 2216 2275 382 804 2277 191 2804 1693 2191 1012 3012 1077 3693 539 2539 1877 3877 924 3817 2382 1451 3451 1632 2924 818 2818 1563 3077 1255 3563 1258 521 3255 3632 1277 3258 1569 3569 891 1256 3256 533 2533 3277 1668 686 2521 2686 380 1893 3893 1038 3038 9 3668 2009 781 1795 2380 2781 1374 1482 2891 214 3374 3795 581 1580 2214 2581 309 2309 436 2436 14 711 2711 2014 3580 3482
422 10 120 2120 245 2245 168 1051 3051 1354 3354 1097 2422 1393 3393 1528 3528 151 3097 2151 298 1447 2010 367 3447 2168 583 2583 1453 3453 98 2367 1064 2098 1540 2298 268 2268 154 2154 1638 3064 1209 3209 655 2655 1063 1001 3001 3540 648 2648 808 2808 449 3638 861 3063 763 2861 379 2379 1386 2449 1143 231 3143 1322 2231 3386 1157 3157 1220 588 2588 3220 1095 3322 1216 3095 240 3216 1997 2763 800 3997 1419 3419 507 2800 2240 1593 709 2709 2507 3593
1842 147 445 2147 869 2869 3842 209 173 2173 1267 2209 407 2407 2445 1281 824 1033 3281 2824 598 672 2598 1978 3978 100 2100 945 3033 2945 444 1049 2444 909 2909 300 2300 552 2552 657 2657 1535 3049 3267 1286 471 2672 2471 121 1541 3286 2121 308 2308 1111 1432 3111 115 3432 3535 1808 3808 611 944 3541 1529 2611 1875 3875 456 3529 664 2115 857 2944 2456 959 2664 72 2857 1714 3714 386 2386 1283 2959 764 2072 528 2528 1420 3420 1530 2764 3530 3283
1319 440 1645 462 2462 3319 1094 3094 1833 972 3833 2972 1176 3176 765 2765 923 3645 1800 476 2440 3800 841 1138 3138 2841 1905 530 3905 2530 1571 3571 1337 1716 3337 1475 3475 1659 3659 2476 608 258 2923 1096 2608 2258 219 3096 917 2917 693 1055 2693 1587 3055 3716 124 2219 1519 3519 417 3587 1480 2124 955 2955 311 2311 82 1876 3876 330 3480 2417 1888 2330 1910 2082 1620 3888 639 3910 1169 3169 239 2639 943 3620 1772 2943 3772 1717 700 3717 2239 2700
1734 152 902 2152 1917 2902 185 2185 472 3917 1314 3314 699 2472 1752 3734 1368 3752 134 1821 2134 1266 3368 741 2741 3821 1836 3836 990 620 2990 44 3266 1045 2620 2699 65 1799 2065 1232 3232 2044 443 2443 1801 3801 387 3045 1474 402 2387 1342 3799 1211 3211 1522 2402 1524 3474 1 3342 801 2801 1461 3461 3524 558 2001 3522 624 2624 350 1991 3991 1572 2558 1544 3544 534 2534 1411 3572 229 2350 453 3411 777 2229 1520 3520 1431 1725 2453 590 2777 2590 3431 3725
1459 1236 1865 1562 3562 172 2172 3459 1683 3236 1546 3546 526 2526 1098 572 3098 1398 3865 3683 1818 1068 3818 232 2232 178 2178 798 3068 81 2798 1830 2081 2572 1413 1781 3398 1744 3413 1103 3103 1582 3744 1089 3089 1812 3812 304 3830 1789 3789 1741 3781 2304 642 3741 1616 2642 1158 3158 4 3582 2004 1071 1412 983 3616 890 3412 1861 3071 1713 2890 2983 948 2948 755 3713 141 3861 1323 2755 1594 2141 3323 1959 871 3959 617 3594 575 2575 1923 2871 2617 3923
1890 1254 619 2619 1495 3890 1112 3254 697 3495 425 1234 2697 376 3234 317 2317 2425 1654 3654 822 1762 3112 2376 730 1385 2730 149 2822 3385 365 1979 2149 1940 3940 745 2745 601 2601 586 3979 1485 3762 1347 3347 2586 265 1667 3485 3667 810 950 2265 775 2365 2950 1243 3243 271 2271 183 2810 1548 3548 850 2850 1473 2183 1763 2775 307 3763 640 1421 2307 527 3421 46 3473 1679 3679 2046 1186 2527 255 2255 1334 2640 3186 1321 1553 3553 1880 3321 3334 3880
828 616 999 2616 204 148 2999 1424 2828 2204 913 332 3424 2148 179 6 2332 54 2054 1796 2006 2913 1305 3796 1326 2179 1987 1201 3201 3987 66 2066 938 2938 241 3326 1099 3305 704 2704 1477 3099 805 2805 1929 2241 589 3929 835 3477 104 2835 1476 906 2906 2104 1313 427 3313 2427 370 2370 949 2949 1349 1430 3476 3430 951 2951 986 2589 1715 3715 1662 3662 1247 3349 248 2986 937 3247 1340 2248 446 2446 1706 567 2937 2567 171 3706 1765 3765 2171 3340
993 529 391 2529 242 2242 368 2391 690 2993 1428 2368 1331 1901 2690 3901 1586 3331 142 939 3428 1204 3204 1619 2142 1598 2939 3598 1853 910 3853 1177 3586 3177 223 2223 17 3619 1860 348 3860 2017 1110 1648 2910 1583 3583 1971 3648 3110 1927 3927 1994 3994 756 3971 1252 3252 1241 2348 511 2756 2511 1943 969 3943 514 3241 2514 189 482 2482 447 2189 1156 2447 159 2159 1311 3311 218 2969 578 3156 1691 3691 768 2578 1707 2218 1566 3566 811 2811 3707 2768
495 1704 211 2211 1835 1180 2495 1624 3835 3180 587 3624 1062 2587 1868 3062 208 2208 785 3704 576 2576 724 243 2243 2724 1826 3826 1514 3514 143 2143 1090 2785 3868 644 3090 321 1898 3898 1471 3471 687 353 2321 897 2687 535 2353 2644 545 2545 1178 1035 2535 3178 773 406 2897 499 2773 3 2406 1242 2499 3035 1383 3242 1963 1351 3351 1284 2003 3383 1298 3963 1676 3284 901 2901 1986 3986 1628 3676 1771 3298 1656 1041 3041 1564 3628 933 3771 340 2933 3656 2340 3564
1947 1262 1296 794 2794 1568 3947 607 3262 579 3296 2579 513 3568 400 1969 3969 2513 1126 1666 2400 3666 1557 3126 904 2904 1729 470 2470 3729 408 510 2408 3557 1019 1955 3955 263 2607 892 2263 1946 2510 8 3946 1954 2008 1036 3019 3954 260 2892 80 3036 1329 2080 1518 3518 1699 3329 941 2260 612 3699 623 2941 287 2287 1118 2623 1852 3852 3118 1527 1672 3527 546 3672 2612 918 313 305 2305 404 2404 2546 595 1780 3780 984 2595 1841 2984 2313 2918 3841
1191 817 1346 799 3191 2799 37 2037 967 182 2967 2817 496 555 2182 1043 3346 963 2496 1359 3043 2555 1642 1931 2963 1075 3075 101 2101 1373 3373 3359 1121 3121 502 3642 1879 1525 3525 250 2502 751 3879 813 3931 1092 2813 2751 823 1396 2823 424 3396 515 2424 1610 3092 1054 2250 3610 1212 3212 1847 3847 1272 1641 3054 1488 3272 654 2515 2654 1802 3802 1950 3488 1708 3708 501 2501 30 2030 1807 3641 416 3950 155 2155 1793 3807 935 3793 2416 1843 2935 3843
1358 498 682 2682 603 2498 60 1164 3358 438 2438 953 2603 292 2060 251 2251 1788 3164 1017 3788 936 2936 1292 3292 1575 2953 599 3575 1733 2599 89 2089 605 3017 837 2837 550 2550 905 2905 1264 3264 1545 2292 1174 2605 3174 1792 3545 728 1367 2728 3367 266 600 2600 684 3792 1425 3425 736 1909 2736 3909 519 2266 1502 3733 2684 1831 3502 2519 1190 246 3190 928 2246 1455 3455 2928 561 846 2846 505 2505 2561 1549 1920 3549 1007 174 2174 3920 3831 3007
1613 1542 1934 3613 916 2916 1755 591 3755 2591 573 3542 1764 3934 1338 3338 455 2455 1406 2573 1933 770 3406 490 2770 2490 1070 3070 435 3933 753 1462 3764 826 2826 2753 221 1731 3731 3462 1689 2435 757 2221 991 2991 399 2757 1293 2399 1146 3689 401 1743 3293 328 3743 1967 2328 557 2557 1091 3967 3146 1039 1437 3039 270 3437 3091 1181 3181 1690 3690 86 2401 1945 3945 40 2040 1867 3867 1006 1244 2086 656 3006 3244 571 2571 129 2270 1503 3503 2129 2656
633 1390 563 2633 1739 3390 467 848 2563 1336 3739 2848 1416 3416 1155 3155 895 685 2685 358 2358 636 2467 1371 3336 982 2982 500 2500 931 2895 1362 2636 1824 3362 1324 3824 2931 809 3324 125 2125 1207 2809 1609 3371 439 2439 1803 3207 1401 3401 560 3609 1417 2560 280 3803 663 2280 856 1753 3753 2663 1335 3335 1712 3712 1106 3417 859 3106 671 1966 2859 778 3966 1080 2778 710 2710 3080 996 1494 2996 1316 3316 771 2771 2671 995 2995 371 2371 2856 3494
1611 1196 1414 3611 1635 3635 48 3196 971 976 2971 2976 1664 1499 3499 3664 421 414 2048 1356 3414 1523 2421 2414 1881 3356 1423 128 2128 437 3881 1687 3423 1538 3538 791 3687 2437 553 807 3523 1887 3887 1505 2791 1894 3894 2553 489 1194 2489 1069 3505 3194 1022 2807 3022 715 1170 3069 195 1727 3170 1916 2195 1536 3536 3916 1101 20 3727 2020 1217 3217 341 2341 1496 479 3496 352 2715 58 2058 3101 1058 1658 2352 1464 2479 1032 3658 1989 3989 3032 3464 3058
61 117 864 2864 1409 1465 3465 3409 329 2117 1444 2329 1450 3450 1719 3719 1361 3444 297 3361 815 2297 812 111 2061 547 2547 703 2703 1344 2111 2815 907 2812 2 3344 269 2269 293 2907 1856 2293 860 2002 3856 1127 1376 1130 3130 1154 3154 3127 1274 1120 3274 21 3120 884 2021 1740 2884 3740 1510 1435 2860 3376 754 3435 747 3510 574 2747 1895 2574 792 2792 1310 3310 606 2606 1478 3895 1167 2754 464 3167 2464 1454 364 3478 3454 69 494 2364 2069 2494
1114 1599 1163 244 2244 719 3599 1458 3163 1786 3114 389 3786 202 2202 1040 3458 3040 215 2215 123 2389 1239 2123 872 1133 2719 3133 1487 3487 1018 2872 974 3239 1184 1913 2974 1686 3184 3913 752 1370 2752 1000 3370 3686 701 1381 3000 3018 922 2922 1871 3871 461 2461 882 900 2882 3381 283 1195 2283 1936 3936 19 3195 1953 2019 1173 2701 35 2900 2035 1427 378 3953 3427 761 3173 1990 2761 1104 2378 1078 3078 360 3990 1175 3104 1268 3268 1008 3008 2360 3175
873 1251 1082 911 2873 3251 3082 51 1777 2051 34 2034 2911 491 177 2177 2491 952 827 2827 506 2506 833 2833 1015 2952 3015 1766 331 3766 339 3777 862 2862 1926 2339 122 2122 749 2331 224 538 2538 1294 3926 628 2628 3294 893 2893 118 2224 1883 1591 2749 474 2474 1973 3883 962 2118 3591 1728 668 3728 217 2217 3973 108 2108 786 1551 2786 1782 2962 3551 1892 3892 432 1172 3782 2668 1240 1974 3240 2432 1791 3172 1854 3974 1596 3854 126 2126 3791 3596
570 1663 119 2570 1463 3663 732 3463 1602 3602 1148 3148 814 2119 1131 3131 1442 483 3442 2732 821 2483 1060 2814 1863 1299 2821 3863 39 3060 1972 3972 247 2039 1903 3903 632 158 2247 2632 1230 2158 492 2492 228 2228 488 3299 74 2488 653 363 2653 622 2622 2363 187 2074 1198 3198 2187 395 1205 1864 3230 207 3864 2395 337 2337 542 2542 1878 2207 1392 3878 522 3205 1270 3270 411 2411 1129 3129 2522 220 660 3392 478 2660 737 2737 196 2196 2478 2220
602 1988 1067 47 3067 362 2047 1618 3618 2602 1168 2362 888 1253 3988 2888 866 985 3253 264 2866 1452 2985 3168 88 2088 1147 1497 2264 3497 150 326 2150 3452 1382 2326 95 3147 1961 3382 127 2095 3961 135 1813 2135 253 2253 1685 3685 2127 559 1162 3162 1122 3122 1760 3760 875 2875 540 2559 852 2852 839 2839 1785 2540 1225 1682 3225 3785 24 83 2083 1159 2024 3682 714 236 3159 1874 3874 1862 2714 1958 2236 1944 3862 2000 3813 3958 1809 1695 3695 4000 3944 3809
1031 1839 377 3031 797 1238 3238 669 2669 1456 2797 145 3839 731 2731 1603 3603 169 3456 1192 3192 694 2145 1083 3083 543 2543 1025 3025 2377 176 2176 1555 2694 1938 1107 3555 3938 1574 2169 1218 3218 708 674 3107 3574 1758 429 2429 284 2708 3758 1649 870 2870 1309 2674 3309 618 865 2284 2865 273 1387 3649 3387 342 420 2618 2273 452 2452 1009 2342 59 2059 130 201 2130 2201 554 1363 3009 1312 2420 43 3363 3312 1151 3151 1300 2554 1640 3300 3640 2043
1911 1352 1805 3911 1341 3352 789 2789 1597 3805 965 1152 3152 3597 1013 1705 2965 565 3341 372 3013 1532 3705 1845 2565 1633 3633 109 3845 2372 1928 2109 369 1249 3532 1840 3928 1730 2369 3840 366 133 3730 1492 2133 647 2366 1688 3688 688 2688 50 3249 1446 3492 1702 3702 968 2968 345 2345 3446 1059 2050 1402 531 2647 3059 743 3402 1057 3057 1357 2531 1433 3357 705 2705 41 2743 914 2914 2041 879 1797 3433 1850 2879 3850 1301 1601 3301 503 1825 3797 3825 3601 2503
615 614 1509 405 2615 136 2136 468 2405 3509 832 2468 706 2614 1215 1087 3087 3215 475 2475 53 93 2053 524 2093 899 2899 2706 577 1085 2832 1634 2524 3634 1558 2577 727 2727 92 3558 3085 1269 392 2092 925 2925 676 96 3269 1011 2392 397 2676 2096 1703 1636 3636 1481 2397 3011 1681 3681 739 3703 610 1297 2610 3481 170 226 2739 1908 3297 868 3908 1570 3570 1304 3304 1838 3838 1848 3848 481 2170 678 2481 2678 1024 1859 2226 2868 855 2855 3024 3859
1213 1288 105 3288 517 16 3213 76 2105 1899 3899 926 2517 203 2926 2203 213 2213 1391 318 2076 2016 1486 3391 110 2110 1561 2318 485 3486 652 1948 3561 1650 2652 698 2698 3650 63 2063 772 2772 919 2919 796 2485 333 3948 702 2702 532 2333 2796 597 2597 742 2532 1526 2742 1434 858 2858 1418 3434 920 3526 1665 3665 1403 3418 1573 723 2920 2723 1516 1952 3952 3403 1915 886 3516 1578 3578 784 3915 3573 33 2033 1263 3263 27 2886 454 726 2784 2726 2454 2027
779 193 803 2193 238 2803 1746 1891 2238 2779 1560 347 3746 163 3891 3560 205 1287 3287 114 2114 908 2205 592 2908 1858 2592 167 2163 466 3858 1778 2347 2167 1429 3778 138 1981 3981 2138 1506 3506 85 2466 1736 3736 388 2085 1732 324 3429 651 2324 314 2651 22 2022 257 3732 2314 1669 3669 838 2388 1366 3366 71 2257 1303 2838 1350 2071 525 3303 1332 2525 1870 3870 160 2160 1469 3350 1983 3983 980 2980 457 2457 3332 1652 1939 3939 73 2073 3469 3652
1081 760 1100 2760 829 3100 650 2829 626 3081 518 2650 992 374 2374 2992 1592 1925 3592 1490 3925 2518 1470 769 3490 1889 2769 448 3889 2626 1472 1149 3472 1779 3149 1153 2448 157 3779 1422 3153 1325 3422 180 2180 1606 3606 1670 3670 1584 3584 776 3325 3470 638 1726 2157 334 2638 2334 327 3726 1896 2327 1500 2776 325 2325 675 2675 637 3500 594 2594 1932 3932 415 2637 3896 1756 1904 3756 1116 3904 1614 3614 1975 3116 1625 2415 738 2738 1214 3975 3214 3625
55 1046 1976 1600 3046 2055 1783 3783 1827 3976 409 3827 480 1395 3395 3600 780 1996 2780 3996 849 673 2480 113 2849 2409 1327 166 2113 2166 1415 3327 57 3415 2057 1023 1622 2673 787 3023 863 3622 140 2787 1992 2863 1003 3003 12 2012 112 696 3992 1710 3710 1355 2140 2112 79 1102 2079 2696 625 3102 1489 735 2735 2625 947 3355 336 2947 1935 3935 1922 1941 3922 2336 1718 3941 1037 3489 1507 3037 3507 1855 310 3718 38 3855 1885 3885 979 2979 2310 2038
