instance61_nreq1000_nveh20_gamma879
28 864 612 1028 728 836 1728 1612 451 201 1451 553 1201 1553 50 1864 455 1050 959 1959 736 658 1736 443 1455 414 1836 244 1244 1658 26 676 1443 1026 803 856 1676 110 1856 1110 399 1803 471 1414 125 1399 334 1125 651 1471 253 1253 703 1703 892 1651 782 1782 216 1216 379 99 1099 106 1379 802 1802 990 1106 1334 516 567 1892 896 1896 902 1567 559 1990 632 1632 1516 1559 229 267 1229 273 683 1267 657 1657 1273 1683 1902
289 863 260 1289 184 1184 570 1260 307 1863 666 1666 180 557 1180 1570 595 1307 910 639 1639 245 1910 119 1245 1119 285 1285 818 1818 986 301 1301 453 1986 1453 66 1066 39 1039 495 1557 808 1595 664 1808 183 1183 62 1495 477 1477 502 1062 980 1664 264 796 1796 660 1660 834 1264 778 1778 765 1502 930 1834 1980 730 233 1730 1233 909 333 1909 1930 520 1333 532 1532 490 908 1908 397 1490 491 1491 1397 82 1520 1082 1765
533 601 587 1533 67 1067 258 1258 81 1081 351 1601 726 1587 541 1541 962 486 1726 74 1351 192 1486 113 1074 43 1043 609 1113 724 1724 594 1594 312 1312 237 1237 83 1083 958 1609 1192 907 1962 134 1134 4 1004 644 1644 756 1907 790 1958 811 1756 269 1811 394 1394 989 1989 251 1251 877 1790 475 1877 131 1131 1269 70 998 1070 347 437 1998 75 1437 1347 1475 170 624 1075 884 1884 742 1624 883 1883 552 1552 1170 1742
813 46 585 859 1585 325 1046 198 1859 215 1813 24 1325 1024 345 240 1345 27 1027 128 1240 1198 155 1215 844 1155 367 960 1960 1367 598 831 1128 1831 994 23 1023 430 1844 922 1994 137 1137 1922 867 1430 361 1598 1867 17 517 175 1017 1175 879 939 1517 1939 405 1361 785 768 1768 505 1405 1505 117 1117 719 709 1709 410 1719 1410 13 136 1013 242 1242 1136 402 232 1879 521 1785 1232 308 1308 794 1521 932 1402 1794 1932
344 271 870 1870 300 423 1423 1300 303 606 1344 1303 377 383 1377 637 1271 556 1383 1556 476 874 1637 988 1606 1988 392 1874 800 1476 203 1203 934 1800 929 1929 287 1934 488 1392 944 1287 972 1972 332 1332 419 1944 577 1488 600 1600 927 1927 1419 188 89 1188 793 1089 1793 816 696 669 1577 1669 154 51 1696 1051 847 853 1154 840 1816 396 1840 297 1853 1396 852 1297 9 786 1009 512 1786 678 1678 485 1847 1512 1852 1485
462 384 753 182 1753 947 1384 1182 593 404 1404 1462 810 1810 171 1947 58 1593 368 1368 670 1670 684 690 1058 1684 889 1889 706 1706 458 880 1880 1458 744 454 1454 538 1744 1538 963 1963 672 1672 576 821 1821 592 1592 417 1417 406 1406 645 1690 1171 903 700 1576 1903 566 401 1401 16 1016 921 1566 1700 976 964 1921 1645 599 705 890 1890 641 1976 1964 961 1961 1641 846 193 1846 1705 604 1599 1193 876 280 1604 1876 1280
540 121 626 1626 789 1789 861 1540 354 1121 257 1354 979 1861 1257 894 353 1353 1894 866 73 1073 686 1866 1686 620 422 1422 1979 886 819 145 1145 284 1886 590 1620 787 1590 825 1284 1825 374 291 1291 1787 234 1819 522 1374 1234 943 848 1522 685 865 1685 580 1848 868 1580 178 1868 757 1757 1178 91 1091 993 1943 940 1993 37 1940 524 1865 112 1037 575 1524 618 573 1575 181 1112 1573 689 479 1479 1181 563 1618 1689 1563
697 72 720 828 1720 912 1072 80 1828 954 1080 2 1954 574 1697 895 1912 352 1352 1895 862 656 1862 302 1574 1002 369 259 1302 991 1369 1991 832 1259 711 850 1711 408 1408 565 1832 501 1501 168 1565 923 1168 1656 945 531 1850 1000 1945 432 2000 662 1923 500 1662 745 1531 751 1500 143 1432 1751 814 1814 45 463 1745 817 1045 1817 388 775 1143 1388 167 1167 30 1030 562 1775 605 1463 239 1562 713 1713 549 1549 1239 1605
241 299 342 1342 322 985 1299 503 1985 118 1118 1322 22 1022 830 1503 893 1241 57 1830 364 1364 218 1893 189 1218 473 256 1057 583 1189 805 1256 1805 610 702 1702 372 1473 318 1610 162 1372 1583 185 1185 548 1548 14 1014 196 1162 1318 411 1196 547 452 1547 440 1440 572 1572 621 1411 1452 560 438 1621 327 1560 261 1261 11 1438 707 1707 967 1967 164 1327 148 1011 370 1370 772 1148 885 1885 208 1208 1164 1772
339 571 230 1230 953 1953 525 1525 348 1339 177 1177 642 1642 801 1801 221 1348 931 1931 999 1221 359 1571 102 698 1359 460 1460 1698 718 1999 667 1102 798 1667 723 1798 378 1718 474 987 1987 366 1474 142 1366 1378 424 1723 420 1424 558 1142 59 1420 504 1504 1558 881 317 1059 150 1317 613 1881 542 1613 968 1542 426 1150 48 1048 144 1426 310 1144 107 1310 446 1107 247 1968 937 1247 507 1446 957 1507 436 1937 1436 1957
619 470 729 1729 1470 735 806 1619 115 914 1914 623 1735 94 1094 650 1650 8 1623 77 1077 1115 779 111 1111 749 1806 21 1749 1779 329 1329 156 135 1021 748 1008 313 1135 207 1313 647 1748 1156 704 582 1207 427 1704 1647 288 1288 759 1759 992 1427 760 1760 33 1033 141 1141 108 1108 38 1038 243 44 1243 1044 275 1582 442 1275 210 1992 34 1210 529 1529 506 1506 105 1034 1105 114 95 1442 464 1464 812 1812 1114 1095
36 54 949 1054 176 1949 29 1176 320 1029 734 508 1508 425 1425 465 1734 227 1320 1036 262 487 1465 365 1365 248 1248 824 1824 649 1649 950 1262 584 1227 1487 636 10 1636 708 1010 1584 362 822 1708 1822 252 1252 6 1006 762 1762 418 1950 441 1418 535 1362 891 1891 250 1250 331 1331 84 1441 716 336 1535 1716 603 925 1603 1925 330 838 1330 904 1084 1336 116 1838 413 1904 591 1591 1116 445 982 1445 235 1235 1413 1982
527 1 204 1527 249 157 1001 539 1539 86 1157 568 1204 596 1086 266 1249 1596 133 1266 459 1568 42 1459 386 1133 209 1386 634 1042 337 381 1337 20 1381 712 1020 31 1634 1209 515 200 1515 1712 220 69 1220 1069 680 1680 363 246 1246 298 1031 675 1298 412 1200 277 1277 788 1412 124 1675 551 1551 965 1788 1363 528 1124 919 343 1528 851 1343 550 1919 103 1103 714 1965 194 1194 752 1752 1714 403 3 1003 1550 1403 1851
653 770 915 79 1653 472 1770 1915 511 1511 523 905 1523 153 1472 499 1905 827 1827 358 1079 212 1153 518 1212 1499 820 984 1518 671 1984 222 1358 973 1973 270 1671 659 1270 350 1350 1222 663 1659 494 615 1820 1663 561 1615 409 1494 481 1409 727 1727 206 1561 166 1206 293 1166 534 1481 682 1534 428 1428 415 1415 741 1741 151 1293 860 1682 296 1151 467 56 1860 1467 186 1186 1056 625 64 1625 395 1064 482 1482 1395 1296
951 315 578 1578 764 1764 924 1924 1951 835 878 1315 130 1130 1878 18 202 722 1202 1835 766 1722 948 646 1766 126 1126 668 1668 68 1018 199 1646 546 1068 1948 335 1335 906 1906 146 1146 692 1546 179 1179 55 1692 88 1088 96 784 1784 1055 627 1627 326 226 1226 681 1681 783 1783 15 1326 643 1096 1643 316 1316 731 1731 104 295 1199 826 1826 159 1015 526 1295 483 1104 1483 373 1526 941 1159 25 543 1373 1941 1025 1543
100 781 480 654 1100 1781 158 217 1217 61 1654 695 1061 49 1695 1480 845 1158 219 314 1049 849 1219 484 1484 393 1393 328 1845 78 1328 946 1946 589 1078 163 1163 389 1389 1849 555 1589 773 978 1978 1773 829 152 1829 1152 205 1555 997 122 1122 1205 214 1997 769 398 1398 12 1769 407 1012 1314 513 1214 140 1140 231 510 1407 190 1510 1513 306 450 1450 1190 519 1231 1306 898 1898 349 265 1265 321 1349 855 1855 1519 1321
371 278 739 1278 514 1514 286 823 1823 1371 468 197 1286 981 1739 815 1468 224 1815 918 1918 435 1435 492 1224 1981 942 1197 149 1942 579 983 1492 771 1771 165 1149 747 1747 466 1466 341 1165 1983 564 1579 869 1564 614 1341 355 387 1355 35 1035 622 1622 746 1746 1614 617 797 1617 1797 887 854 1387 1869 917 1917 581 1854 90 1887 213 1090 839 1839 875 1875 842 1581 276 1276 916 1213 648 1842 1916 754 1754 1648
608 733 311 1733 173 1311 975 807 1807 147 1975 763 1147 498 1608 631 1498 497 1631 263 1497 758 1263 1758 447 225 1225 795 1763 774 1447 97 1173 431 1795 554 1431 586 1586 53 1097 841 1774 900 1554 809 1809 92 1053 952 1841 1092 679 955 1679 71 1071 710 1952 1955 755 688 1900 1710 309 1309 630 1630 780 1755 661 1688 871 1661 792 1792 236 93 1236 1871 509 87 1087 1780 40 1093 536 1536 416 1416 282 1509 1040 1282
717 254 677 996 1996 444 1717 456 1456 974 1444 611 1611 652 1254 1677 5 545 1652 640 1974 655 1655 616 1616 607 1005 938 1938 283 1545 324 1607 715 1715 1283 489 439 1640 101 1439 1489 174 928 1928 633 1324 693 1174 673 1673 1101 799 1693 635 1799 936 1633 966 1635 761 1761 899 1936 971 305 1899 1971 376 1305 776 1966 319 496 1376 977 1496 1319 737 1977 290 1776 913 1290 691 833 1737 461 1691 304 1913 1461 1304 1833
138 187 109 1187 629 588 1588 857 1138 920 1920 63 1857 873 1629 1109 279 294 1063 60 1060 65 1294 694 1279 469 1873 228 1065 1469 628 882 1694 674 1628 391 1228 699 1391 421 1674 191 1882 340 1699 161 1161 743 1340 382 1191 872 1421 767 1743 47 1047 740 1740 1767 638 804 1804 1638 926 1382 701 665 1872 281 1281 1665 32 1032 127 1926 448 1127 544 530 1701 933 1530 1933 433 1433 597 1448 338 1338 843 1843 1544 1597
